%YAML:1.0
cameraMatrix: !!opencv-matrix
   rows: 3
   cols: 3
   dt: d
   data: [ 1.0667211176263854e+03, 0., 9.5764663232429882e+02, 0.,
       1.0665898881486280e+03, 5.5920724544736822e+02, 0., 0., 1. ]
distortionCoefficients: !!opencv-matrix
   rows: 1
   cols: 5
   dt: d
   data: [ 7.1927304910812812e-02, -9.1534739081795533e-02,
       -7.3284736902810838e-05, -3.5872328330271391e-03,
       3.1473702502515750e-02 ]
rotation: !!opencv-matrix
   rows: 3
   cols: 3
   dt: d
   data: [ 1., 0., 0., 0., 1., 0., 0., 0., 1. ]
projection: !!opencv-matrix
   rows: 4
   cols: 4
   dt: d
   data: [ 1.0667211176263854e+03, 0., 9.5764663232429882e+02, 0., 0.,
       1.0665898881486280e+03, 5.5920724544736822e+02, 0., 0., 0., 1.,
       0., 0., 0., 0., 1. ]
