%YAML:1.0
depthShift: 4.7665587039107820e+01
