%YAML:1.0
rotation: !!opencv-matrix
   rows: 3
   cols: 3
   dt: d
   data: [ 9.9995846717178927e-01, -1.6396270846851056e-03,
       8.9652414618188458e-03, 1.8037270146965406e-03,
       9.9983042542162104e-01, -1.8326673731935285e-02,
       -8.9336722741548240e-03, 1.8342083421561465e-02,
       9.9979185707598883e-01 ]
translation: !!opencv-matrix
   rows: 3
   cols: 1
   dt: d
   data: [ -5.9162760705684499e-02, 2.6964724888400649e-03,
       -5.2875541467227602e-02 ]
essential: !!opencv-matrix
   rows: 3
   cols: 3
   dt: d
   data: [ 7.1283641049573845e-05, 5.2916034042910988e-02,
       1.7268784403024272e-03, -5.3401886111426121e-02,
       1.1718644622206004e-03, 5.8676404399000535e-02,
       -2.8030739664602808e-03, -5.9148306996156287e-02,
       1.0600820855760384e-03 ]
fundamental: !!opencv-matrix
   rows: 3
   cols: 3
   dt: d
   data: [ 2.1124414363327302e-08, 1.5618881207889280e-05,
       -2.9817452261745492e-03, -1.5827226960264096e-05,
       3.4593416005616546e-07, 1.0725422739493895e-02,
       7.9443753327936208e-03, -3.3774083849184802e-02, 1. ]
