%YAML:1.0
cameraMatrix: !!opencv-matrix
   rows: 3
   cols: 3
   dt: d
   data: [ 7.383232869833397e+02, 1.008033274099612, 5.003571809993261e+02, 0.,
       7.388071804299254e+02, 4.179554503522700e+02, 0., 0., 1. ]
distortionCoefficients: !!opencv-matrix
   rows: 1
   cols: 5
   dt: d
   data: [ 2.2063090417612469e-01, -6.0566383520878908e-01,
       -9.0874099498715472e-03, 8.7100803182754425e-05,
       4.2608216028665052e-01 ]
rotation: !!opencv-matrix
   rows: 3
   cols: 3
   dt: d
   data: [ 1., 0., 0., 0., 1., 0., 0., 0., 1. ]
projection: !!opencv-matrix
   rows: 4
   cols: 4
   dt: d
   data: [ 3.9421859733566441e+02, 0., 2.4894837623969377e+02, 0., 0.,
       3.9579406429885239e+02, 2.0348622077734936e+02, 0., 0., 0., 1.,
       0., 0., 0., 0., 1. ]
